0.99993
0.99993
0.99993
0.99992
0.99992
0.99992
0.99992
0.99991
0.99991
0.9999
0.9999
0.99989
0.99989
0.99988
0.99988
0.99987
0.99986
0.99986
0.99985
0.99984
0.99983
0.99982
0.99981
0.9998
0.99978
0.99977
0.99975
0.99974
0.99972
0.9997
0.99967
0.99965
0.99962
0.99959
0.99956
0.99952
0.99948
0.99943
0.99938
0.99933
0.99926
0.99919
0.99911
0.99903
0.99893
0.99883
0.99871
0.99859
0.99845
0.9983
0.99815
0.99798
0.99781
0.99764
0.99747
0.9973
0.99715
0.997
0.99687
0.99676
0.99667
0.99661
0.99656
0.99653
0.99652
0.99652
0.99654
0.99656
0.99659
0.99662
0.99665
0.99667
0.99669
0.99671
0.99672
0.99671
0.9967
0.99667
0.99662
0.99656
0.99648
0.99638
0.99625
0.9961
0.99594
0.99575
0.99554
0.99533
0.99511
0.99491
0.99472
0.99457
0.99444
0.99436
0.99431
0.9943
0.99433
0.99437
0.99444
0.99452
0.9946
0.99469
0.99477
0.99485
0.99492
0.99498
0.99502
0.99505
0.99506
0.99506
0.99503
0.99497
0.99488
0.99474
0.99454
0.99428
0.99392
0.99347
0.99293
0.99234
0.99177
0.9913
0.99101
0.99089
0.99093
0.99106
0.99125
0.99143
0.99157
0.99166
0.99168
0.99164
0.99154
0.99139
0.99123
0.99107
0.99099
0.99101
0.99118
0.9915
0.99194
0.99246
0.993
0.99351
0.99394
0.99429
0.99455
0.99474
0.99487
0.99497
0.99502
0.99505
0.99506
0.99504
0.99501
0.99496
0.99491
0.99484
0.99476
0.99467
0.99458
0.9945
0.99442
0.99435
0.9943
0.99428
0.9943
0.99435
0.99445
0.99458
0.99475
0.99495
0.99516
0.99538
0.99559
0.99579
0.99598
0.99614
0.99628
0.9964
0.9965
0.99658
0.99664
0.99668
0.9967
0.99672
0.99672
0.99671
0.9967
0.99667
0.99665
0.99662
0.99659
0.99656
0.99654
0.99653
0.99652
0.99654
0.99657
0.99661
0.99668
0.99677
0.99689
0.99701
0.99716
0.99732
0.99749
0.99766
0.99783
0.998
0.99816
0.99832
0.99847
0.9986
0.99873
0.99884
0.99895
0.99904
0.99913
0.9992
0.99927
0.99933
0.99939
0.99944
0.99949
0.99953
0.99956
0.9996
0.99963
0.99965
0.99968
0.9997
0.99972
0.99974
0.99976
0.99977
0.99979
0.9998
0.99981
0.99982
0.99983
0.99984
0.99985
0.99986
0.99987
0.99987
0.99988
0.99988
0.99989
0.99989
0.9999
0.9999
0.99991
0.99991
0.99992
0.99992